[BASIC]
[BASIC:PARAMS]
[BASIC:NETWORK]
beginTraining=0
connectionLimit=0
contextTargetOffset=0,0,0,0
contextTargetSize=0,0,0,0
endTraining=3
hasContext=f
inputCount=7
layerCounts=2,26,26,8
layerFeedCounts=1,25,25,7
layerContextCount=0,0,0,0
layerIndex=0,2,28,54
output=0.8230714633,1,0.999997505,-1,0.8661903461,-1,0.6495341577,1,-0.8124129643,0.9999879907,0.1084169175,-0.9498599832,-1,0.9999999342,0.8444074162,0.9750605232,-0.9999999508,-0.1889677306,0.7574463193,-0.9998382048,0.9999609389,0.6234641657,-0.9999998053,1,-0.9999999991,-0.9999519032,-0.9994044233,1,0.9981490624,-0.8576008568,-0.4794075673,0.669013024,0.9906961881,-0.8404824909,-0.9999263999,-0.8893948081,-0.817268671,0.9853097826,0.9840344629,-0.8989686116,0.9989196829,-0.8569277975,-0.6249313727,0.6853660239,-0.5308251573,0.8974139959,0.970277378,0.9976655588,-0.783739569,-0.676144657,-0.3679607895,0.84470199,-0.2784506614,1,0.0625,1,0.25,-0.5089285714,-0.5089285714,-0.1875,-0.3303571429,1
outputCount=1
weightIndex=0,26,676,876
weights=0.6216440959,0.5723801697,1.3603120762,0.3036221265,1.1667449,0.5415154559,-0.9625826187,-0.610434862,0.5895925794,1.2242578636,1.009645177,-0.7680270202,1.1540839396,0.7964185152,0.918022753,0.6755851125,0.2982935777,-0.673937987,0.9755586097,-1.4231809546,-0.9817748774,1.0618758951,0.8171014051,0.5448424532,-1.0446163168,-0.8725481332,-1.9186358854,-1.0479570269,0.8014121151,-0.9349273157,1.3866749875,0.7283787845,-1.6032726632,-3.5114885436,-1.2501715395,2.6823518607,-0.4168332611,0.6015206544,0.4039529512,0.0689385744,1.3352932599,-3.5412952795,0.3411319529,-0.038718888,0.0358324298,-0.0178239369,0.0396974289,-2.7708204533,0.9691930569,-0.4419682173,0.9695605864,1.8522058991,-3.3463085194,-1.5192127125,-0.9113600582,-3.6469656443,-2.1506742448,-1.1080209494,-1.0345110731,1.4480645314,-1.5167418204,-2.1014722337,-0.8545951769,0.883588187,-0.1985333458,-1.1248956916,0.1390155933,-1.9661663083,-6.5619758009,2.1557038825,-1.6191227383,-4.4387798294,0.6850235006,-3.1218447392,-0.304170322,-6.6181463729,1.0755637009,-0.0526949807,-2.5104099862,-3.0955607312,-0.4242167677,-0.9049918551,-0.1780361347,-3.457397695,-2.7048021941,0.6386320465,-4.4012295197,0.4932425799,-1.331182374,-0.0341547556,0.7959048964,-2.5968882806,0.0195185782,-1.2143254736,-0.7836547792,-0.3606994359,-1.1566933986,-2.5296765922,0.6286852892,-0.2764306459,-3.7587272088,-5.9786946102,1.076555197,0.2077017248,-2.4095476617,-0.6357620931,-0.5628354677,-1.1529972954,-9.8890479335,-1.0292651074,1.6804538636,0.6553823115,-1.3529775446,-0.3228587806,-0.2907217671,0.4184178339,-2.6756421651,-2.6347319297,-0.7321359175,-0.9911040312,-0.2001386195,-0.8405714475,-0.0669980046,-0.6103257563,-1.6743229129,-0.1115589655,-1.6665095152,0.0248028833,0.9124382263,0.0670156524,-2.0403795556,-0.9547337953,1.6287666319,1.1223188583,-0.3241929376,0.3982496758,-0.2547700509,-0.320105955,0.4329725119,1.4382530636,-0.0248622427,1.8721579645,2.446300813,0.7840355236,0.9767722361,1.1455149206,0.092767832,1.6536530737,1.3771384556,0.5509224392,3.8870617398,-1.8654389073,-1.6407782405,-1.0917505039,0.3034830479,0.595202409,1.7725796113,-0.3976990564,0.8159251146,0.6294740503,2.322256516,-0.3997247977,0.5544037579,-0.4877672611,0.8489075104,1.0677079407,0.8882880135,-1.2381551993,0.9777020787,-1.710496379,-0.247567453,0.0667960568,-0.0792872034,1.3335220716,0.3575140444,0.5495812859,-0.9267131462,-0.4545688863,-0.9658747859,-0.518415522,-2.5562650851,2.3324625844,1.7120604268,0.5117640619,-0.7609026849,3.9318414811,1.1845030655,-0.8509243016,1.2693598109,-0.0481404728,1.4360821174,0.2203289196,-0.8864131354,1.1064443998,0.369312261,0.4634732965,1.8589948279,0.4174977239,4.0082190141,-1.2536769261,1.7043425913,0.7047813117,-0.2067566881,-0.7247206493,2.3933571773,-1.4015822913,0.3091576864,-0.6348280796,0.6751946825,1.1210885151,1.1303228657,0.4375069753,2.1540519558,0.5059335062,2.1071455793,-0.9221663887,0.692951376,1.1910257611,1.8633877736,-0.2790310051,0.520400042,-0.6119629789,0.4886479388,0.6230908532,-0.5419411537,1.3585353888,1.1833037722,0.8207194728,0.3596117658,0.5987460387,1.1670819426,0.0422510165,2.414149007,-0.0964036528,2.1116503481,1.7150914775,-0.1096040011,1.7712926348,0.385202636,0.7184414716,-0.0475799371,2.1891289861,1.4291208394,-1.1332122401,2.9529627954,0.9240796804,0.5496403677,-0.8375642903,-0.1418635909,-0.1549125897,0.0021541046,-0.1846545677,0.721461471,0.6399455873,1.0351058337,0.4529372763,0.9879577557,0.5240401344,1.0963872984,0.0036195217,0.9952643198,1.3465908747,2.0931677542,0.7407962556,0.6061017423,2.5475068713,-1.2283407854,0.1441562007,1.8598051198,0.5569319342,1.2186520034,-0.4320900804,-0.2823862023,-0.5426741542,0.5132511232,2.1472799827,2.8282461224,0.0115016308,-1.0931103386,0.9414711145,0.9962556884,-0.3683153725,1.0323677476,-1.1928933099,-0.1601664541,-0.4526248908,-0.1217794355,24.0016144591,-1.4157207181,-0.6521131729,0.3041160088,-3.4329685097,-15.2691504603,16.3821384775,7.4171737874,-1.076809389,-11.2079784384,-2.7872153003,0.1610104148,0.8751085162,3.508409824,-0.4564670254,3.0482533656,-0.9812585916,-16.0408176718,0.9327649103,0.1288319697,5.8850404226,4.2005622976,1.6968291351,-0.7937995552,-18.5307478526,0.5039566689,1.1235365635,0.2403350605,1.7227004629,-0.5752542674,0.5701212128,0.8545608774,-0.3562145585,3.1970148818,3.0343620571,2.0697111291,0.9914590504,1.8595915097,-4.5017962177,0.4238178703,0.0995142159,1.4826225454,0.1075876828,2.4777425877,1.5194322352,0.4396550466,0.9617761315,-0.6441393171,0.7130552257,1.2536445266,0.3692715601,0.7303552862,1.3356140487,0.7244841146,2.0490125617,-0.2714149561,-0.0322695706,-0.8406798412,-0.4685316417,0.6529345373,0.7510686024,2.1238042852,0.450451661,-0.3785758686,0.368239457,0.2761638876,-1.9320598245,2.7836951055,0.258017765,-0.1343421808,-0.5652385259,0.0556337789,0.9051796207,-1.1708414126,1.2624869009,1.120686048,0.7994447529,0.9376445232,0.8995929679,1.8177709553,-0.723009546,0.9640349881,0.269561855,-2.4177365328,1.2993251119,1.0076298675,0.2029041153,2.332694737,1.2625340669,0.6340069139,-0.0382462604,0.8273875467,2.1561612795,0.4308114404,-0.500952713,-0.6789990621,1.8145728913,1.3870871394,0.7572467345,0.053320459,1.3657249783,-0.2067721092,-0.4052302271,3.2034168327,2.6922869465,0.590931658,0.2262694969,-0.2789220081,3.8959696852,0.6762342097,1.9886550651,1.7083102263,-0.5677393368,1.0386087158,1.1437912699,-0.2388895636,-0.4855454235,-0.2585016041,0.4634468228,0.9831592924,-1.2345417585,0.127158558,1.0904945109,-0.0400006191,0.2449369135,3.3410436496,2.6369430898,-0.0910437806,-0.8727363761,1.5784531885,1.0905789535,0.1483783007,1.8472580008,0.263636474,1.2878066776,0.1776062086,0.2556075497,-0.0599309668,0.0373340937,0.0478840805,0.064120749,0.7280315572,1.7636941582,1.3341475732,0.3794231742,-1.7065363238,-0.5030424408,0.6662883193,0.042486207,-0.0476494913,0.6411164991,-0.9652470062,0.4043740201,0.9575231597,0.2601495879,2.9478836421,0.7399367616,-0.5568258487,1.8643472647,0.5835182208,1.5421687326,-0.0333207385,0.301151468,0.5858845446,0.3493455655,-1.7519951996,-0.3434346433,0.3749131169,0.7761330015,2.3705938198,-1.1104518034,-0.0493086432,1.9263920157,0.5374164944,0.4295113172,-0.6413546965,-0.1763203253,-1.7779346289,1.6897199651,1.9863346352,-0.0354515379,1.0162748823,0.5565899546,1.64481076,0.8828262504,2.1766570555,-0.1629877262,0.7730636577,1.2793243276,2.1990288529,1.4176066027,1.9890585985,0.2477438889,-0.1720843647,3.9102958748,-0.8208003497,-0.9848068257,0.7090792579,3.0140161815,-2.3160624065,-0.83460102,2.4036169754,0.361158425,-0.9260220857,-0.5005797111,1.4919887067,0.7554636972,3.0575095755,-0.3512523673,1.8563227502,-1.2303942996,3.4526851801,-0.3768650413,0.6136325355,0.0078665732,-0.8596951152,2.1893846414,-1.4708041257,0.730674341,1.5582056273,-0.3770699566,1.3328519771,1.7719815782,0.2356092933,-0.5787169295,-1.2297833079,-1.1426324296,1.5101675099,1.2753280611,-0.5384871699,0.2936558976,0.6843815911,0.4719791574,-0.9478815741,0.1607779941,1.2416461288,0.4252239285,1.4825671601,1.1035819126,0.0886824623,0.2736454263,0.4284763178,0.0126354043,-0.1005420078,1.6025545495,1.9552847151,0.719201921,-0.6925161677,-0.8360359352,0.1482044305,0.5745940638,2.1303002044,-1.6299356383,0.2010447278,-0.3469403473,0.2325033846,0.948081699,0.9770108569,0.9794534345,1.0160818562,1.2873973143,2.3455854656,0.7770034184,-3.6060767618,2.5018036841,1.2195640637,-0.8188020094,1.1833793235,1.1469815138,0.6529712227,0.0447066007,0.4999876908,1.5925775206,0.8397344421,0.6829982443,0.2738445571,-2.2677234595,0.262321137,1.9348499676,0.0700125838,1.413090697,2.3317307942,1.5148487677,-0.6371343112,0.0674539957,0.293396578,1.1370114904,1.1871242723,1.0561335731,-1.7941642568,-0.4962870152,-1.3143440248,-2.5556802388,-0.1076357085,3.8397480923,0.1452381252,1.9149135786,1.9796106951,0.4941612923,-1.1556479361,0.4399296524,-1.1301819602,1.4227739843,2.9786572543,0.640763294,-0.447996705,-0.6078781165,0.965413792,-0.6285820435,0.2667600365,4.0760654778,0.8410269,0.4896165882,-0.9860025503,-0.9431427591,0.5082937771,2.0746465389,3.462423299,0.4023255413,1.9927042479,-0.1116195671,0.9605045373,-0.141678752,0.7831763458,1.6989169779,-0.648606282,-1.3967373636,0.7611359425,-0.8152829239,-0.0409029665,1.3697852934,1.0590379397,2.3622951406,0.0508197747,-0.7942683649,0.9361289907,-0.481874854,1.0271158718,3.075717042,0.2614475075,-0.3139825571,-2.3538627647,-1.2234888539,-0.1280368115,2.7731619767,-0.0338372687,-0.8468245673,-1.0875092979,1.3372283522,0.9230281626,-1.8819085603,2.8593995634,0.8561104007,1.0878675208,0.093664476,1.5564941637,1.4079689919,-0.3182707601,2.2176926605,2.6591287453,3.5156948499,0.5047154653,-0.5204448152,1.2758145472,1.1987583288,0.8906886833,2.253115582,0.3211622783,2.0549874687,1.9942302378,1.0687785924,1.0714749357,0.6376837223,1.3523904685,0.7227904284,-0.2572518355,0.1827280685,0.9781603313,1.0151979695,3.4711226839,1.1198673139,-0.5008037463,0.4581773024,-0.5018042351,-0.9642992042,0.8296309038,0.464498041,0.9974932767,-0.6847753676,0.8836888641,1.8152758402,2.571818831,1.6733214696,-0.6646974683,1.3632409044,-1.2680546344,0.7107665035,1.2682189425,1.5303426635,-0.2956854684,1.7956963979,0.4034567595,-0.0793164414,0.5991676776,-1.3383196804,-0.0550284042,0.7648737042,1.6286919729,3.8702260709,-0.2196086298,0.9688623909,-0.2131508185,0.2324077921,2.5319665464,1.2647972776,1.4863462824,1.4093688019,0.1252907246,0.632601733,-1.9678994834,-0.5658590224,-0.0262145707,1.070241948,0.3965683842,1.2173644669,1.0201645085,-0.4311169218,-0.1175723165,1.3148269383,1.1839872895,1.0741092843,0.0558392017,2.9755868073,0.4932373125,2.0548038635,-1.9521763509,-0.6458388791,1.7544193959,-5.4230353397,1.0403314387,3.8464449561,-1.8748097225,0.6807907632,1.0955849618,1.5190301009,0.6178093038,0.1513702606,1.6508528777,0.8259997609,0.1631293065,1.3888415808,-0.6394165566,-1.2406731657,0.8364196033,0.1333788223,0.9772525016,1.1386225904,0.8932345552,1.1666661532,1.2657670754,0.0359808623,3.0288176242,0.2337248587,-2.4311881416,-2.7228407637,1.8349676921,-0.3611404837,-0.7286772456,2.04770516,-0.1747492022,1.2140791629,3.9378098665,1.2491490948,0.2710225352,-0.8449936727,-0.5865815166,0.4097158231,-0.0036974143,0.1080383981,1.3958765882,0.3776336309,2.8676022946,0.9327789798,0.6829289066,-0.0645638657,3.1506234324,2.3318495847,2.9768133702,0.5579429954,0.6288202645,0.9888984887,2.3110364776,2.1879334981,0.3575574959,0.8475646822,-0.2581310086,1.60014967,1.3608836217,2.9225726586,0.7597457503,0.3227080507,-1.506759325,2.3264160698,0.9760478736,2.9950284365,0.9360169204,-0.9631534977,1.34168644,-1.2647724309,0.2042260075,2.2368057435,0.2220380402,4.330386723,-0.0649316472,0.0988489689,-1.6111663097,0.2321411324,1.8088355222,1.443616161,1.2546635191,2.5996702026,1.2159878044,0.3843218825,-0.4812236533,-1.0938653453,1.825090547,1.036693093,-0.1781354151,2.1744053113,1.454410091,1.1368313769,-2.2593536251,1.803471169,-0.7926518592,1.7407784212,0.6577452964,0.6947482067,0.2193852015,1.3709309124,1.4904352955,1.4009803595,-0.1012786157,2.375896782,2.7494237363,2.5207567193,-1.3444123576,-2.3422728776,1.1500768776,0.7823878071,1.3201247258,1.6428961477,1.6786262932,4.2558849397,2.3487883625,2.2545836164,0.9775125239,1.3195155295,2.8460332105,3.4179139606,-0.164142261,2.0083837355,1.0881827502,-1.4296771073,3.289994323,-1.6542936074,0.707968557,1.600602599,0.4487277951,1.6555359121,3.3511111877,-1.7751983031,-1.1711388457,-1.1460080198,-0.42425713,3.0414521006,1.2023597745,2.9564606744,-0.2960484069,0.5606911727,-0.4135656204,-0.9382103844,0.3668142965,1.7226014549,0.7123451043,2.7535576936,0.7340410455,2.4571782179,-0.018776939,0.4320368094
biasActivation=1,1,1,1
[BASIC:ACTIVATION]
"org.encog.engine.network.activation.ActivationTANH"
"org.encog.engine.network.activation.ActivationTANH"
"org.encog.engine.network.activation.ActivationTANH"
"org.encog.engine.network.activation.ActivationTANH"
